00000000000000000011101110110111
00000000000101111101010100010111
00000010010000000000101111101111
00000000000011101000101111100111
00000010111100000000101001100011
00000101110001110001000001100011
00000100011000101100010001100011
11111110100100111101100011100011
11111111010100000110000011100011
11111110111101100111111011100011
11111110100001101000010100000011
11111111100001100001010110000011
00000000000001111010100010000011
00000000100010000100110000000011
00000001000011011101101110000011
00000001111010011000110000100011
00000011111100111001000000100011
11111111011100110010000000100011
11111111011001110000100100010011
00000000000010110010110000010011
00000000000011100011110110010011
11111111110011101100100100010011
11111111111001101110100000010011
00000000000010011111101110010011
00000000001010100001101010010011
00000000010011001101110000010011
01000000011000111101001100010011
00000001001001010000011010110011
01000001000101100000010110110011
00000001001110011001100010110011
00000000000010101010100000110011
00000000000011011011010100110011
00000000100111010100011100110011
00000000011011001101010110110011
01000000111110010101100110110011
00000001011010110110100100110011
00000001100010101111101000110011
00000011111110101000110010110011
00000011111000111001001100110011
00000011110110101010010100110011
00000011000010101011101100110011
00000010100101001100111010110011
00000010110000110101111100110011
00000011000110011110111110110011
00000010111110100111110110110011
